Points: 705894
Curvature Range: 0.0000 - 1.0000
First 10 Normals:
[-0.36536349  0.0785603   0.92754396]
[ 0.42862203 -0.15503034 -0.89008356]
[-0.49283318  0.14955664  0.85717458]
[-0.48324434  0.05129154  0.87398174]
[-0.36838544  0.06081036  0.9276822 ]
[-0.36958783  0.07966944  0.92577406]
[-0.39313594  0.12348686  0.91115044]
[-0.43695035  0.13992957  0.88853481]
[-0.45635184  0.16213026  0.87490387]
[-0.47570962  0.17514989  0.86198774]
First 10 Curvature Values:
0.115727
0.113408
0.140420
0.063430
0.030702
0.035272
0.029431
0.013766
0.006274
0.003783
